validScientificName,scientificNameAuthorship,seedStructure,lifeCycleHabit,growthHabit,c,s,r,csr,priority
Abarema cochliocarpos,(Gomes) Barneby & J.W.Grimes,Dicot,perennial,tree,22.83,61.39,15.78,S/CSR,7
Jupunba macradenia,"(Pittier) M.V.B.Soares, M.P.Morim & Iganci",Dicot,perennial,tree,54.76,45.24,0,CS,7
Abuta racemosa,Triana & Planch.,Dicot,perennial,liana,29.59,63.12,7.28,S/CS,7
Abutilon theophrasti,Medik.,Dicot,annual,forb,66.59,14.07,19.34,C/CR,9
Acalypha diversifolia,Jacq.,Dicot,perennial,shrub,43.52,35.93,20.55,CS/CSR,7
Acalypha macrostachya,Jacq.,Dicot,perennial,shrub,67.91,11.3,20.79,C/CR,7
Acalypha virginica,L.,Dicot,annual,forb,28.02,30.08,41.9,CSR,2
Acer campestre,L.,Dicot,perennial,tree,42.29,29.41,28.3,CSR,1
Acer monspessulanum,L.,Dicot,perennial,tree,23.49,68.83,7.69,S/CS,1
Acer negundo,L.,Dicot,perennial,tree,50.38,23.31,26.31,C/CSR,2
Acer opalus,Mill.,Dicot,perennial,tree,47.55,25.57,26.88,C/CSR,1
Acer platanoides,L.,Dicot,perennial,tree,48.76,35.31,15.93,CS/CSR,1
Acer pseudoplatanus,L.,Dicot,perennial,tree,37.51,54.93,7.55,CS,1
Acer saccharum,Marshall,Dicot,perennial,tree,27.13,56.44,16.43,S/CSR,4
Orchis anthropophora,All.,Monocot,perennial,forb,41.33,0,58.67,CR,1
Achillea atrata,L.,Dicot,perennial,forb,10.13,25.27,64.6,R/SR,1
Achillea salicifolia  subsp. salicifolia,"",Dicot,perennial,forb,23.48,26.19,50.33,R/CSR,1
Achillea clavennae,L.,Dicot,perennial,forb,48.55,0,51.45,CR,1
Achillea collina,(Becker ex Rchb.f.) Heimerl,Dicot,perennial,forb,41.02,15.79,43.19,CR/CSR,1
Achillea macrophylla,L.,Dicot,perennial,forb,64.71,0,35.29,C/CR,1
Achillea millefolium,L.,Dicot,perennial,forb,22.02,58.81,19.18,S/CSR,1
Achillea erba-rotta  subsp. moschata,(Wulfen) I.Richardson,Dicot,perennial,forb,5.8,58.94,35.26,SR,1
Achillea pannonica,Scheele,Dicot,perennial,forb,23.79,76.21,0,S/CS,1
Achillea roseo-alba,Ehrend.,Dicot,perennial,forb,36.2,14.11,49.69,CR/CSR,1
Achnatherum calamagrostis,P.Beauv.,Monocot,perennial,graminoid,43.37,40.86,15.77,CS/CSR,1
Clinopodium acinos,Kuntze,Dicot,perennial,forb,2.87,50.89,46.23,SR,1
Aconitum lycoctonum,L.,Dicot,perennial,forb,74.03,0,25.97,C/CR,1
Aconitum × czarnohorense,(Zapał.) Mitka,Dicot,perennial,forb,66.9,3.8,29.3,C/CR,1
Aconitum nasutum,Rchb.,Dicot,perennial,forb,47.28,9.32,43.41,CR,1
Acorus calamus  var. calamus,"",Monocot,perennial,forb,5.83,61.14,33.03,S/SR,1
Actaea rubra,(Aiton) Willd.,Dicot,perennial,forb,60.9,14.82,24.28,C/CSR,1
Adelia triloba,Hemsl.,Dicot,perennial,tree,33.59,38.75,27.66,CSR,7
Adenostyles alliariae,(Gouan) A.Kern.,Dicot,perennial,forb,86.65,0,13.35,C,1
Adenostyles alpina  subsp. alpina,"",Dicot,perennial,forb,80.12,0,19.88,C/CR,1
Adenostyles leucophylla,Rchb.,Dicot,perennial,forb,54,3.77,42.23,CR,1
Adiantum capillus-veneris,L.,Fern,perennial,forb,48,0,52,CR,1
Adonis aestivalis,L.,Dicot,annual,forb,12.24,0,87.76,R,1
Adonis apennina,L.,Dicot,perennial,forb,11.26,69.89,18.85,S/SR,1
Adoxa moschatellina,L.,Dicot,perennial,forb,30.87,0,69.13,R/CR,1
Aegilops geniculata,Roth,Monocot,annual,graminoid,1.31,49.97,48.72,SR,1
Aegiphila cephalophora,Standl.,Dicot,perennial,liana,42.2,29.94,27.86,CSR,7
Aegiphila elata,Sw.,Dicot,perennial,liana,55.2,34.78,10.02,CS,7
Aegiphila panamensis,Moldenke,Dicot,perennial,tree,48.2,21.43,30.36,C/CSR,7
Aegiphila pernambucensis,Moldenke,Dicot,perennial,tree,56.66,41.29,2.05,CS,7
Aegopodium podagraria,L.,Dicot,perennial,forb,65.13,13.53,21.34,C/CR,1
Aesculus hippocastanum,L.,Dicot,perennial,tree,76.55,12.52,10.93,C/CS,1
Psephellus caucasicus,(Sosn.) Greuter,Dicot,perennial,forb,40.22,18.14,41.63,CR/CSR,1
Aethusa cynapium  subsp. elata,Hoffm. ex Schübl. & G.Martens,Dicot,annual,forb,55.61,9.31,35.09,CR,1
Agalinis brachyphylla,(Cham. & Schltdl.) D'Arcy,Dicot,perennial,forb,1.27,98.73,0,S,7
Agave virginica,L.,Monocot,perennial,shrub,17.27,82.73,0,S/CS,4
Agonandra brasiliensis,Miers ex Benth.,Dicot,perennial,shrub,32.96,67.04,0,S/CS,7
Agoseris glauca,(Pursh) Raf.,Dicot,perennial,shrub,34.44,4.56,61,R/CR,2
Agrimonia eupatoria,L.,Dicot,perennial,forb,39.2,52.34,8.46,CS,1
Agrimonia gryposepala,Wallr.,Dicot,perennial,forb,14.23,72.93,12.84,S/CS,4
Agrimonia procera,Wallr.,Dicot,perennial,forb,54.24,29.86,15.9,C/CSR,1
Agrimonia microcarpa,Wallr.,Dicot,perennial,forb,43.1,45.77,11.13,CS/CSR,4
Agropyron desertorum,Schult.,Monocot,perennial,graminoid,12.12,87.88,0,S,1
Thinopyrum junceum,(L.) Á.Löve,Monocot,perennial,graminoid,31.81,68.19,0,S/CS,1
Elymus repens,(L.) Gould,Monocot,perennial,graminoid,26.03,50.85,23.12,S/CSR,1
Agrostemma githago,L.,Dicot,annual,forb,28.76,44.02,27.23,S/CSR,1
Poa nemoralis,L.,Monocot,perennial,graminoid,19.03,44.79,36.18,SR/CSR,1
Agrostis alpina,Scop.,Monocot,perennial,graminoid,1.1,95.21,3.69,S,1
Agrostis vinealis,Schreb.,Monocot,perennial,graminoid,4.46,41.75,53.79,SR,1
Agrostis capillaris,L.,Monocot,perennial,graminoid,5.9,52.83,41.27,SR,1
Agrostis gigantea,Roth,Monocot,perennial,graminoid,12.74,35.3,51.95,SR/CSR,1
Agrostis hyemalis,"(Walter) Britton, Sterns & Poggenb.",Monocot,perennial,graminoid,4.94,79.25,15.81,S/SR,4
Agrostis mertensii,Trin.,Monocot,perennial,graminoid,2.84,60.91,36.26,SR,1
Agrostis alpina,Scop.,Monocot,perennial,graminoid,1.87,83.47,14.65,S,1
Agrostis schraderiana,Bech.,Monocot,perennial,graminoid,8.71,60.66,30.63,S/SR,1
Agrostis stolonifera,L.,Monocot,perennial,graminoid,11.4,46.71,41.89,SR/CSR,1
Agrostis capillaris,L.,Monocot,perennial,graminoid,11.55,49.33,39.12,SR/CSR,1
Agrostis vinealis,Schreb.,Monocot,perennial,graminoid,9.44,63.75,26.81,S/SR,1
Aidia densiflora,(Benth.) Masam.,Dicot,perennial,tree,38.3,60.51,1.19,CS,9
Ailanthus altissima,(Mill.) Swingle,Dicot,perennial,tree,74.92,21.32,3.76,C/CS,1
Aira cupaniana,Guss.,Monocot,annual,graminoid,0,56.61,43.39,SR,1
Ajuga chamaepitys,(L.) Schreb.,Dicot,annual,forb,11.92,3.73,84.34,R,1
Ajuga genevensis,L.,Dicot,perennial,forb,26.17,0,73.83,R/CR,1
Ajuga orientalis,L.,Dicot,perennial,forb,32.68,42.26,25.06,CSR,1
Ajuga pyramidalis,L.,Dicot,perennial,forb,27.19,41.12,31.69,CSR,1
Ajuga reptans var. alba,C.Mackintosh,Dicot,perennial,forb,23.85,16.87,59.29,R/CSR,1
Alangium ebenaceum,(C.B.Clarke) Harms,Dicot,perennial,tree,49.72,50.28,0,CS,9
Albizia julibrissin,Durazz.,Dicot,perennial,tree,61.82,24.62,13.56,C/CSR,1
Alcea rosea  subsp. ficifolia,(L.) Govaerts,Dicot,perennial,forb,72.51,14.17,13.32,C/CS,1
Alchemilla opaca,Buser,Dicot,perennial,forb,15.16,66.94,17.9,S/SR,1
Alchemilla caucasica,Buser,Dicot,perennial,forb,17.28,68.71,14.02,S/CS,1
Alchemilla glabra,Neygenf.,Dicot,perennial,forb,25.42,40.17,34.41,CSR,1
Alchemilla glaucescens,Wallr.,Dicot,perennial,forb,32.77,42.4,24.83,CS/CSR,1
Alchemilla mollis,(Buser) Rothm.,Dicot,perennial,forb,60.01,24.15,15.84,C/CSR,1
Alchemilla monticola,Opiz,Dicot,perennial,forb,42.58,33.68,23.75,CS/CSR,1
Alchemilla pentaphyllea,L.,Dicot,perennial,forb,13.32,44.02,42.67,SR/CSR,1
Alchemilla propinqua,H.Lindb. ex Juz.,Dicot,perennial,forb,39.8,32.89,27.32,CSR,1
Alchemilla subcrenata,Buser,Dicot,perennial,forb,41.01,27.85,31.15,CSR,1
Alchemilla subglobosa,C.G.Westerl.,Dicot,perennial,forb,38.56,31.76,29.67,CSR,1
Alchemilla vulgaris,L.,Dicot,perennial,forb,37.16,38.99,23.85,CS/CSR,1
Alchemilla xanthochlora,Rothm.,Dicot,perennial,forb,56.32,20.1,23.57,C/CSR,1
Alchornea costaricensis,Pax & K.Hoffm.,Dicot,perennial,tree,33.56,52.03,14.42,CS/CSR,7
Alchornea latifolia,Sw.,Dicot,perennial,tree,47.81,35.29,16.89,CS/CSR,7
Alibertia edulis,(Rich.) A.Rich. ex DC.,Dicot,perennial,tree,36.82,48.46,14.72,CS/CSR,7
Cordiera myrciifolia,(K.Schum.) C.H.Perss. & Delprete,Dicot,perennial,shrub,41.02,58.98,0,CS,7
Alisma lanceolatum,With.,Monocot,perennial,forb,44.92,0,55.08,CR,1
Alisma plantago-aquatica,L.,Monocot,perennial,aquatic,71.18,0,28.82,C/CR,1
Alliaria petiolata,(M.Bieb.) Cavara & Grande,Dicot,biennial,forb,56.25,1.06,42.7,CR,1
Allium carinatum,L.,Monocot,perennial,forb,39.9,0,60.1,CR,1
Allium insubricum,Boiss. & Reut.,Monocot,perennial,forb,53.35,0,46.65,CR,1
Allium paradoxum,(M.Bieb.) G.Don,Monocot,perennial,forb,44.6,0,55.4,CR,1
Allium minus,"(S.O.Yu, S.Lee & W.Lee) H.J.Choi & B.U.Oh",Monocot,perennial,forb,49.6,0,50.4,CR,1
Allium sphaerocephalon,L.,Monocot,perennial,forb,39.95,0,60.05,CR,1
Allium ursinum,L.,Monocot,perennial,forb,45.66,0,54.34,CR,1
Allium vineale,L.,Monocot,perennial,forb,48.45,4.32,47.24,CR,1
Allophylus edulis,Radlk. ex Warm.,Dicot,perennial,tree,37.57,54.58,7.86,CS,7
Allophylus psilospermus,Radlk.,Dicot,perennial,tree,50.2,27.68,22.12,C/CSR,7
Alnus cordata,(Loisel.) Duby,Dicot,perennial,tree,42.71,34.38,22.91,CS/CSR,1
Alnus glutinosa,(L.) Gaertn.,Dicot,perennial,tree,25.42,62.68,11.9,S/CS,1
Alnus incana,(L.) Moench,Dicot,perennial,shrub,40.12,35.3,24.58,CS/CSR,1
Alnus alnobetula  subsp. fruticosa,(Rupr.) Raus,Dicot,perennial,tree,32.87,40.36,26.77,CSR,1
Alopecurus aequalis,Sobol.,Monocot,perennial,graminoid,22.68,7.54,69.78,R/CR,1
Alopecurus geniculatus,L.,Monocot,annual,graminoid,13.09,27.34,59.57,R/CSR,1
Alopecurus pratensis,L.,Monocot,perennial,graminoid,11.88,58.78,29.34,S/CSR,1
Alphonsea maingayi,Hook.f. & Thomson,Dicot,perennial,tree,30.52,60.05,9.43,S/CS,9
Alseis blackiana,Hemsl.,Dicot,perennial,tree,52.07,28.76,19.16,C/CSR,7
Alseis pickelii,Pilg. & Schmale,Dicot,perennial,tree,51.22,28.44,20.35,C/CSR,7
Althaea officinalis,L.,Dicot,perennial,forb,49.04,17.49,33.46,CR/CSR,1
Alyssum alyssoides,L.,Dicot,perennial,forb,0.11,36.5,63.4,R/SR,1
Alyssum atlanticum,Desf.,Dicot,perennial,forb,3.6,74.99,21.41,S/SR,1
Amaioua glomerulata,(Lam. ex Poir.) Delprete & C.H.Perss.,Dicot,perennial,tree,49.49,40.89,9.62,CS,7
Amaranthus caudatus,L.,Dicot,annual,forb,61.23,6.09,32.68,C/CR,7
Amaranthus deflexus,L.,Dicot,perennial,forb,31.05,0,68.95,R/CR,7
Amaranthus blitum,L.,Dicot,annual,forb,17.03,0,82.97,R/CR,1
Amaranthus powellii,S.Watson,Dicot,annual,forb,41.4,17.19,41.41,CR/CSR,4
Amaranthus retroflexus,L.,Dicot,annual,forb,52.14,23.69,24.17,C/CSR,4
Ambrosia artemisiifolia,L.,Dicot,annual,forb,49.66,23.04,27.29,C/CSR,4
Ambrosia psilostachya,DC.,Dicot,perennial,forb,16.98,46.45,36.57,SR/CSR,4
Ambrosia psilostachya,DC.,Dicot,perennial,forb,15.9,61.34,22.76,S/CSR,4
Ambrosia trifida,L.,Dicot,annual,forb,60.14,9.38,30.48,C/CR,4
Amelanchier lamarckii,F.G.Schroed.,Dicot,perennial,shrub,26.41,67.03,6.56,S/CS,1
Amelanchier ovalis,Medik.,Dicot,perennial,tree,16.24,64.73,19.03,S/CSR,1
Ammannia coccinea,Rottb.,Dicot,perennial,forb,34.47,7.77,57.76,CR,4
Ammi majus,L.,Dicot,annual,forb,6.46,0,93.54,R,1
Calamagrostis arenaria  subsp. australis,(Mabille) Asch. & Graebn.,Monocot,perennial,graminoid,31.12,68.88,0,S/CS,1
Amorpha canescens,Pursh,Dicot,perennial,shrub,24.04,60.02,15.95,S/CSR,4
Amorpha fruticosa,L.,Dicot,perennial,shrub,40.38,39.09,20.53,CS/CSR,4
Amphilophium paniculatum,Kunth,Dicot,perennial,shrub,53.22,28.52,18.26,C/CSR,7
Anacamptis morio,"(L.) R.M.Bateman, Pridgeon & M.W.Chase",Monocot,perennial,forb,25.74,0,74.26,R/CR,1
Anacamptis pyramidalis,(L.) Rich.,Monocot,perennial,forb,44.98,0,55.02,CR,1
Anacardium excelsum,Skeels,Dicot,perennial,tree,55.47,34.61,9.92,CS,7
Anacardium occidentale,L.,Dicot,perennial,tree,50.42,49.58,0,CS,7
Lysimachia arvensis,(L.) U.Manns & Anderb.,Dicot,perennial,forb,6.48,0,93.52,R,1
Lysimachia foemina,(Mill.) U.Manns & Anderb.,Dicot,biennial,forb,10.2,0,89.8,R,1
Lysimachia minima,(L.) U.Manns & Anderb.,Dicot,annual,forb,0,0,100,R,1
Anaphalis margaritacea,(L.) Benth. & Hook.f.,Dicot,perennial,forb,31.37,51.62,17.01,S/CSR,1
Anarrhinum bellidifolium,(L.) Willd.,Dicot,perennial,forb,36.1,29.33,34.57,CSR,1
Anaxagorea dolichocarpa,Sandwith & Sandwith,Dicot,perennial,tree,61.47,28.79,9.74,C/CS,7
Anaxagorea javanica,Blume,Dicot,perennial,shrub,43.43,48.59,7.99,CS,9
Anaxagorea panamensis,Standl.,Dicot,perennial,shrub,37.72,45.92,16.36,CS/CSR,7
Anchusa azurea,Mill.,Dicot,perennial,forb,65.04,0,34.96,C/CR,1
Anchusa officinalis,L.,Dicot,perennial,forb,46.17,0,53.83,CR,1
Andira fraxinifolia,Benth.,Dicot,perennial,tree,29.97,70.03,0,S/CS,7
Andira legalis,(Vell.) Toledo,Dicot,perennial,tree,49.86,50.14,0,CS,7
Andromeda polifolia,L.,Dicot,perennial,shrub,2.28,97.72,0,S,1
Andropogon distachyos,L.,Monocot,perennial,graminoid,24.59,61.94,13.47,S/CSR,1
Andropogon gerardii,Vitman,Monocot,perennial,graminoid,24.33,52.02,23.66,S/CSR,2
Andropogon virginicus,L.,Monocot,perennial,graminoid,15.84,77.51,6.66,S/CS,4
Androsace albana,Steven,Dicot,biennial,forb,7.92,41.76,50.32,SR,1
Androsace lactea,L.,Dicot,perennial,forb,11.9,0,88.1,R,1
Androsace maxima,L.,Dicot,annual,forb,10.58,0,89.42,R,1
Androsace septentrionalis,L.,Dicot,annual,forb,2.49,0,97.51,R,1
Androsace alpina,(L.) Lam.,Dicot,perennial,forb,0,95.01,4.99,S,1
Anemonastrum canadense,(L.) Mosyakin,Dicot,perennial,forb,39.21,38.11,22.68,CS/CSR,2
Anemonoides quinquefolia,(L.) Holub,Dicot,perennial,forb,38.18,10.7,51.12,CR,1
Anemone quinquefolia,L.,Dicot,perennial,forb,38.26,0,61.74,CR,2
Anemonoides ranunculoides,(L.) Holub,Dicot,perennial,forb,33.01,9.67,57.32,R/CSR,1
Anemonastrum fasciculatum,(L.) Holub,Dicot,perennial,forb,42.84,28.83,28.33,CSR,1
Pulsatilla vulgaris,Mill.,Dicot,perennial,forb,38.56,33.43,28.01,CSR,1
Anethum graveolens,L.,Dicot,annual,forb,45.79,0.77,53.44,CR,1
Angelica archangelica,L.,Dicot,perennial,forb,81.36,8.84,9.8,C,1
Angelica sylvestris,L.,Dicot,perennial,forb,78.77,11.72,9.51,C/CS,1
Annona acuminata,Saff.,Dicot,perennial,shrub,29.71,48.68,21.61,S/CSR,7
Annona salzmannii,A.DC.,Dicot,perennial,tree,45.22,49.78,5,CS,7
Annona spraguei,Saff.,Dicot,perennial,tree,58.95,25.5,15.55,C/CSR,7
Antennaria carpatica,(Wahlenb.) Hook.,Dicot,perennial,forb,10.02,76.08,13.9,S/SR,1
Antennaria dioica,(L.) Gaertn.,Dicot,perennial,shrub,1.78,79.14,19.09,S/SR,1
Antennaria parvifolia,Nutt.,Dicot,perennial,forb,5.22,75.23,19.55,S/SR,2
Antennaria plantaginifolia,(L.) Richardson,Dicot,perennial,forb,20.45,27.76,51.79,R/CSR,4
Antennaria rosulata,Rydb.,Dicot,perennial,forb,0.61,63.89,35.51,S/SR,4
Anthemis ubensis,Pomel,Dicot,annual,forb,13.82,0,86.18,R,1
Anthemis cotula,L.,Dicot,annual,forb,57.03,6.62,36.35,CR,2
Anthemis cretica  subsp. cretica,"",Dicot,perennial,forb,28.87,9.36,61.77,R/CR,1
Anthemis marschalliana,Willd.,Dicot,perennial,forb,22.34,54.03,23.63,S/CSR,1
Anthemis ruthenica,M.Bieb.,Dicot,biennial,forb,20.65,0,79.35,R/CR,1
Cota tinctoria,(L.) J.Gay,Dicot,annual,forb,15.6,43.45,40.95,SR/CSR,1
Anthericum liliago,L.,Monocot,perennial,forb,65.91,0,34.09,C/CR,1
Anthericum ramosum,L.,Monocot,perennial,forb,45.97,22.17,31.86,CR/CSR,1
Anthoxanthum nipponicum,Honda,Monocot,perennial,graminoid,8.67,60,31.33,S/SR,1
Anthoxanthum aristatum,Boiss.,Monocot,annual,graminoid,14.74,31.72,53.54,R/CSR,1
Anthoxanthum odoratum  subsp. nipponicum,(Honda) Tzvelev,Monocot,perennial,graminoid,8.36,67.45,24.19,S/SR,1
Anthriscus caucalis,M.Bieb.,Dicot,annual,forb,43.09,12,44.91,CR/CSR,1
Anthriscus cerefolium,Hoffm.,Dicot,annual,forb,20.52,1.42,78.06,R/CR,1
Anthriscus nitida,Garcke,Dicot,perennial,forb,58.86,16.77,24.36,C/CSR,1
Anthriscus sylvestris,(L.) Hoffm.,Dicot,biennial,forb,62.03,0,37.97,CR,1
Anthyllis barba-jovis,L.,Dicot,perennial,tree,42.53,57.47,0,CS,1
Anthyllis vulneraria  subsp. alpestris,(Hegetschw.) Asch. & Graebn.,Dicot,perennial,forb,32.04,0,67.96,R/CR,1
Anthyllis vulneraria  subsp. polyphylla,(DC.) Nyman,Dicot,perennial,forb,41.77,31.37,26.86,CSR,1
Apeiba membranacea,Spruce ex Benth.,Dicot,perennial,tree,47.68,37.06,15.26,CS/CSR,7
Apeiba tibourbou,Aubl.,Dicot,perennial,tree,64.63,21.19,14.18,C/CS,7
Apera interrupta,(L.) P.Beauv.,Monocot,annual,graminoid,0.4,47.36,52.24,SR,1
Aphanes arvensis,L.,Dicot,annual,forb,2.14,35.74,62.12,R/SR,1
Aphanes australis,Rydb.,Dicot,annual,forb,9.38,32.67,57.96,R/CSR,1
Aphelandra sinclairiana,Nees,Dicot,perennial,shrub,60.63,12.45,26.92,C/CSR,7
Apium inundatum,Rchb.f.,Dicot,perennial,forb,2.56,0,97.44,R,1
Apium nodiflorum,(L.) Lag.,Dicot,perennial,forb,40.05,0,59.95,CR,1
Apocynum androsaemifolium,L.,Dicot,perennial,forb,45.58,40.77,13.65,CS/CSR,2
Aporosa aurea,Hook.f.,Dicot,perennial,tree,46.58,49.8,3.62,CS,9
Aporosa subcaudata,Merr.,Dicot,perennial,tree,34.19,59.93,5.88,S/CS,9
Aporosa falcifera,Hook.f.,Dicot,perennial,tree,41.12,57.65,1.22,CS,9
Aporosa globifera,Hook.f.,Dicot,perennial,tree,39.61,45.7,14.69,CS/CSR,9
Aporosa microstachya,(Tul.) Müll.Arg.,Dicot,perennial,tree,38.62,50.54,10.84,CS/CSR,9
Aporosa nigricans,Hook.f.,Dicot,perennial,tree,54.39,41.91,3.7,CS,9
Aporosa prainiana,King ex Gage,Dicot,perennial,tree,51.46,25.59,22.95,C/CSR,9
Aposeris foetida,Less.,Dicot,perennial,forb,39.15,0,60.85,CR,1
Appunia siebertii,Standl.,Dicot,perennial,shrub,56.06,15,28.93,C/CSR,7
Apuleia leiocarpa,(Vogel) J.F.Macbr.,Dicot,perennial,tree,31.61,48.27,20.12,S/CSR,7
Aquilegia atrata,W.D.J.Koch,Dicot,perennial,forb,53.11,3.72,43.17,CR,1
Aquilegia,L.,Dicot,perennial,forb,25.64,34.31,40.05,CSR,1
Aquilegia vulgaris,L.,Dicot,perennial,forb,41,32.01,26.99,CSR,1
Arabidopsis suecica,(Fr.) Norrl. ex O.E.Schulz,Dicot,annual,forb,29.03,0,70.97,R/CR,1
Arabidopsis thaliana,(L.) Heynh.,Dicot,annual,forb,4.27,0,95.73,R,1
Arabis alpina,L.,Dicot,perennial,forb,9.7,0,90.3,R,1
Arabis alpina,L.,Dicot,perennial,forb,40.31,35.29,24.4,CS/CSR,1
Arabis caerulea,Haenke,Dicot,perennial,forb,4.88,50.46,44.66,SR,1
Arabis collina,Ten.,Dicot,perennial,forb,15.32,0,84.68,R,1
Turritis glabra,L.,Dicot,perennial,forb,55.59,7.46,36.95,CR,1
Arabis hirsuta,(L.) Scop.,Dicot,perennial,forb,4.14,0,95.86,R,1
Arabidopsis lyrata,(L.) O'Kane & Al-Shehbaz,Dicot,perennial,forb,11.08,0,88.92,R,1
Arabis pumila,Jacq.,Dicot,perennial,forb,0.34,75.35,24.32,S/SR,1
Arabis sagittata,(Bertol.) DC.,Dicot,perennial,forb,28.17,0,71.83,R/CR,1
Pseudoturritis turrita,(L.) Al-Shehbaz,Dicot,perennial,forb,46.99,0,53.01,CR,1
Aralia hispida,Vent.,Dicot,perennial,shrub,37.88,48.97,13.15,CS/CSR,2
Arbutus unedo,L.,Dicot,perennial,tree,22.74,69.84,7.42,S/CS,1
Archidendron bubalinum,(Jack) I.C.Nielsen,Dicot,perennial,tree,38.1,55.94,5.95,CS,9
Arctium lappa,L.,Dicot,biennial,forb,87.25,0.4,12.36,C,1
Arctium minus,Schkuhr,Dicot,biennial,forb,84.9,0,15.1,C,1
Arctostaphylos uva-ursi,(L.) Spreng.,Dicot,perennial,shrub,13.28,65.44,21.28,S/SR,1
Arctostaphylos uva-ursi,(L.) Spreng.,Dicot,perennial,shrub,11.34,88.66,0,S,1
Ardisia bartletii,Lundell,Dicot,perennial,shrub,38.63,49.93,11.44,CS/CSR,7
Ardisia crassa,C.B.Clarke,Dicot,perennial,tree,38.57,55.44,5.99,CS,9
Ardisia fendleri,Lundell,Dicot,perennial,shrub,61.29,27.7,11.01,C/CS,7
Ardisia guianensis,(Aubl.) Mez,Dicot,perennial,tree,45.02,35.04,19.93,CS/CSR,7
Ardisia hullettii,Mez,Dicot,perennial,tree,49.85,45.19,4.96,CS,9
Ardisia kunstleri,King & Gamble,Dicot,perennial,shrub,48.41,50.26,1.33,CS,9
Eremogone fendleri,(A.Gray) Ikonn.,Dicot,perennial,forb,1.16,77.98,20.86,S/SR,4
Arenaria lanuginosa,(Michx.) Rohrb.,Dicot,perennial,forb,3.54,0,96.46,R,4
Eremogone capillaris,(Poir.) Fenzl,Dicot,perennial,forb,4.41,70.23,25.37,S/SR,1
Arenaria serpyllifolia,L.,Dicot,perennial,forb,0,45.38,54.62,SR,1
Arisaema triphyllum,(L.) Schott,Monocot,perennial,forb,69.12,0,30.88,C/CR,4
Aristida dichotoma,Michx.,Monocot,annual,graminoid,4.04,78.04,17.92,S/SR,4
Aristida oligantha,Michx.,Monocot,annual,graminoid,5.03,60.3,34.68,S/SR,4
Aristida purpurascens,Poir.,Monocot,perennial,graminoid,8.64,59.33,32.03,S/SR,4
Aristida purpurea,Nutt.,Monocot,perennial,graminoid,0,100,0,S,4
Aristolochia clematitis,L.,Dicot,perennial,herbaceous vine,55.58,28.91,15.51,C/CSR,1
Aristolochia pallida,Willd.,Dicot,perennial,forb,12.9,24.75,62.35,R/CSR,1
Armeria maritima,(Mill.) Willd.,Dicot,perennial,shrub,15.61,29.94,54.46,R/CSR,1
Arnica angustifolia  subsp. alpina,(L.) I.K.Ferguson,Dicot,perennial,forb,59.07,0,40.93,CR,1
Arnoseris minima,(L.) Schweigg. & Korte,Dicot,annual,forb,35.06,0,64.94,R/CR,1
Fridericia candicans,(Rich.) L.G.Lohmann,Dicot,perennial,liana,64.61,27.78,7.61,C/CS,7
Fridericia florida,(DC.) L.G.Lohmann,Dicot,perennial,liana,50.24,33.23,16.53,CS/CSR,7
Fridericia schumanniana,(Loes.) L.G.Lohmann,Dicot,perennial,liana,52.11,35.8,12.08,CS/CSR,7
Arrhenatherum elatius,(L.) P.Beauv. ex J.Presl & C.Presl,Monocot,perennial,graminoid,23.76,35.52,40.72,SR/CSR,1
Artemisia absinthium,L.,Dicot,perennial,shrub,32.35,23.48,44.17,CR/CSR,1
Artemisia annua,L.,Dicot,annual,forb,24.89,28.28,46.84,R/CSR,1
Artemisia campestris,L.,Dicot,perennial,forb,22.29,30.41,47.3,R/CSR,1
Artemisia carruthii,Alph.Wood ex J.H.Carruth,Dicot,perennial,forb,5.83,61.46,32.71,S/SR,4
Artemisia campestris  subsp. caudata,(Michx.) H.M.Hall & Clem.,Dicot,perennial,forb,29.52,49.24,21.24,S/CSR,2
Artemisia dracunculus,L.,Dicot,perennial,shrub,10.63,46.86,42.5,SR,1
Artemisia ludoviciana,Nutt.,Dicot,perennial,shrub,12.54,65.09,22.37,S/SR,4
Seriphidium maritimum,(L.) Poljakov,Dicot,perennial,shrub,37.73,24.5,37.77,CR/CSR,1
Artemisia verlotiorum,Lamotte,Dicot,perennial,forb,31.59,59.94,8.47,S/CS,1
Artemisia vulgaris,L.,Dicot,perennial,forb,39.05,49.65,11.3,CS/CSR,1
Aruncus dioicus,(Walter) Fernald,Dicot,perennial,forb,70.58,3.34,26.08,C/CR,1
Asarum canadense,L.,Dicot,perennial,forb,69.93,0,30.07,C/CR,4
Asarum europaeum,L.,Dicot,perennial,forb,52.42,0,47.58,CR,1
Asclepias incarnata,L.,Dicot,perennial,forb,36.06,28.26,35.69,CSR,2
Asclepias syriaca,L.,Dicot,perennial,forb,63.44,17.32,19.24,C/CSR,4
Asclepias tuberosa,L.,Dicot,perennial,forb,30.75,28.17,41.08,CSR,4
Asclepias verticillata,L.,Dicot,perennial,forb,4.86,42.21,52.93,SR,4
Asclepias viridis,Walter,Dicot,perennial,forb,25.55,72.5,1.95,S/CS,4
Asparagus officinalis,L.,Monocot,perennial,forb,0.35,92.59,7.06,S,1
Asperugo procumbens,L.,Dicot,annual,forb,17.26,0,82.74,R/CR,1
Cynanchica aristata,(L.f.) P.Caputo & Del Guacchio,Dicot,perennial,forb,0.57,49.08,50.35,SR,1
Cynanchica pyrenaica  subsp. cynanchica,(L.) P.Caputo & Del Guacchio,Dicot,perennial,forb,0,56.08,43.92,SR,1
Asperula tinctoria,L.,Dicot,perennial,forb,3.34,45.83,50.82,SR,1
Aspidosperma discolor,A.DC.,Dicot,perennial,tree,48.19,39.36,12.45,CS/CSR,7
Aspidosperma spruceanum,Benth. ex Müll.Arg.,Dicot,perennial,tree,57.43,42.57,0,CS,7
Asplenium ruta-muraria,L.,Fern,perennial,forb,12.57,54.62,32.8,S/CSR,1
Asplenium septentrionale,(L.) Hoffm.,Fern,perennial,forb,23.38,23.54,53.08,R/CSR,1
Asplenium trichomanes,L.,Fern,perennial,forb,25.75,42.28,31.97,CSR,1
Asplenium viride,Huds.,Fern,perennial,forb,29.78,8.86,61.36,R/CR,1
Oclemena acuminata,(Michx.) Greene,Dicot,perennial,forb,8.39,68.63,22.99,S/SR,4
Aster alpinus,L.,Dicot,perennial,forb,10.06,60.79,29.15,S/SR,1
Aster amellus,L.,Dicot,perennial,forb,25.99,43.9,30.11,S/CSR,1
Aster bellidiastrum,Scop.,Dicot,perennial,forb,42.23,0,57.77,CR,1
Aster dumosus,Hoffm.,Dicot,perennial,forb,6.16,90.94,2.91,S,4
Symphyotrichum ericoides,(L.) G.L.Nesom,Dicot,perennial,forb,8.85,56.67,34.48,SR,2
Eurybia hemispherica,(Alexander) G.L.Nesom,Dicot,perennial,forb,8.84,83.43,7.73,S,4
Symphyotrichum laeve,(L.) Á.Löve & D.Löve,Dicot,perennial,forb,39.07,33.85,27.09,CSR,2
Symphyotrichum lanceolatum,(Willd.) G.L.Nesom,Dicot,perennial,forb,10.93,64.49,24.58,S/SR,2
Galatella linosyris  subsp. linosyris,"",Dicot,perennial,forb,6.51,79.23,14.26,S/SR,1
Symphyotrichum novae-angliae,(L.) G.L.Nesom,Dicot,perennial,forb,18.02,46.54,35.44,SR/CSR,4
Symphyotrichum patens,(Aiton) G.L.Nesom,Dicot,perennial,forb,8,83.93,8.07,S,4
Aster puniceus f. colbyi,(Benke) Shinners,Dicot,perennial,shrub,35.43,40.33,24.24,CS/CSR,2
Symphyotrichum undulatum,(L.) G.L.Nesom,Dicot,perennial,forb,18.87,36.67,44.46,SR/CSR,4
Symphyotrichum lanceolatum,(Willd.) G.L.Nesom,Dicot,perennial,forb,31.23,42.32,26.45,CSR,2
Tripolium pannonicum,(Jacq.) Dobrocz.,Dicot,perennial,forb,54.38,0,45.62,CR,1
Doellingeria umbellata,(Mill.) Nees,Dicot,perennial,forb,48.65,4.36,46.99,CR,2
Astragalus alpinus,L.,Dicot,perennial,forb,12.23,13.9,73.87,R/SR,1
Astragalus canadensis,L.,Dicot,perennial,forb,36.52,40.18,23.3,CS/CSR,2
Astragalus cicer,L.,Dicot,perennial,forb,40.62,18.89,40.49,CR/CSR,1
Astragalus frigidus,A.Gray,Dicot,perennial,forb,32.72,13.73,53.55,R/CSR,1
Astragalus humistratus,A.Gray,Dicot,perennial,forb,19.37,48.92,31.7,S/CSR,4
Astragalus rusbyi,Greene,Dicot,perennial,forb,28.46,17.18,54.37,R/CSR,4
Astrantia major,L.,Dicot,perennial,forb,59.76,0,40.24,CR,1
Astrantia minor,L.,Dicot,perennial,forb,19.14,31.58,49.29,R/CSR,1
Astrocaryum standleyanum,L.H.Bailey,Monocot,perennial,tree,61.3,37.15,1.54,CS,7
Astronium graveolens,Jacq.,Dicot,perennial,tree,53.64,34.18,12.18,CS/CSR,7
Athamanta cretensis,L.,Dicot,perennial,forb,50.34,49.66,0,CS,1
Athyrium distentifolium,Tausch ex Opiz,Fern,perennial,forb,62.31,3.61,34.07,C/CR,1
Athyrium filix-femina,(L.) Roth,Fern,perennial,forb,69.03,0,30.97,C/CR,1
Atriplex prostrata  subsp. calotheca,(Rafn) M.A.Gust.,Dicot,perennial,forb,50.42,19.21,30.37,C/CSR,1
Atriplex glabriuscula,Edmondston,Dicot,annual,forb,64.54,2.6,32.86,C/CR,1
Atriplex halimus,L.,Dicot,perennial,shrub,26.04,0,73.96,R/CR,1
Atriplex laciniata,L.,Dicot,annual,forb,45.81,26.52,27.67,C/CSR,1
Atriplex littoralis,L.,Dicot,perennial,shrub,56.31,0,43.69,CR,1
Atriplex micrantha,Ledeb.,Dicot,annual,forb,59.45,8.39,32.16,C/CR,1
Atriplex sagittata,Borkh.,Dicot,annual,forb,40.27,29.65,30.07,CSR,1
Atriplex oblongifolia,Waldst. & Kit.,Dicot,annual,forb,24.07,31.52,44.41,SR/CSR,1
Atriplex australasica,Moq.,Dicot,annual,forb,50.84,0,49.16,CR,1
Atriplex prostrata,Boucher ex DC.,Dicot,annual,forb,59.65,0,40.35,CR,1
Atriplex crassipes,J.M.Black,Dicot,annual,forb,19.44,43.52,37.05,SR/CSR,1
Atriplex lasiantha,Boiss.,Dicot,annual,forb,22.69,35.79,41.52,SR/CSR,1
Atropa belladonna,L.,Dicot,perennial,shrub,63.58,6.96,29.46,C/CR,1
Aucuba japonica,Thunb.,Dicot,perennial,tree,65.26,22.4,12.34,C/CS,1
Aulonemia effusa,(Hack.) McClure,Monocot,perennial,graminoid,37.32,62.68,0,S/CS,7
Avena barbata,Pott ex Link,Monocot,annual,graminoid,6.57,42.37,51.06,SR,1
Avena fatua,L.,Monocot,annual,graminoid,40.17,19.56,40.27,CR/CSR,1
Avena nuda,L.,Monocot,annual,graminoid,57.2,11.44,31.35,C/CSR,1
Avena sterilis,L.,Monocot,annual,graminoid,41.99,15.84,42.17,CR/CSR,1
Avena strigosa,Schreb.,Monocot,annual,graminoid,36.69,18.99,44.32,CR/CSR,1
Avenula pubescens,(Huds.) Dumort.,Monocot,perennial,graminoid,25.63,48.31,26.06,S/CSR,1
Helictochloa versicolor,(Vill.) Romero Zarco,Monocot,perennial,graminoid,14.64,85.23,0.13,S,1
Baccaurea parviflora,(Müll.Arg.) Müll.Arg.,Dicot,perennial,tree,41.99,49.43,8.58,CS,9
Baccaurea racemosa,(Reinw.) Müll.Arg.,Dicot,perennial,tree,46.58,47.87,5.54,CS,9
Bactris acanthocarpa  var. exscapa,Barb.Rodr.,Monocot,perennial,tree,52.43,37.2,10.37,CS,7
Bactris setosa,Mart.,Monocot,perennial,tree,54.32,34.96,10.71,CS,7
Hymenothrix dissecta,(A.Gray) B.G.Baldwin,Dicot,perennial,forb,69.43,0,30.57,C/CR,4
Baptisia alba,(L.) Vent.,Dicot,perennial,forb,36.94,37.96,25.1,CSR,4
Barbacenia blackii,L.B.Sm.,Monocot,perennial,forb,45.31,54.69,0,CS,7
Barbarea bracteosa,Guss.,Dicot,perennial,forb,19.43,0,80.57,R/CR,1
Barbarea intermedia,Boreau,Dicot,biennial,forb,40.91,0,59.09,CR,1
Barbarea stricta,Andrz.,Dicot,perennial,forb,26.17,0,73.83,R/CR,1
Barbarea vulgaris,W.T.Aiton,Dicot,biennial,forb,17.07,1.72,81.21,R/CR,1
Barringtonia macrostachya,Kurz,Dicot,perennial,tree,61.92,36.9,1.18,C/CS,9
Bartsia alpina,L.,Dicot,perennial,forb,7.3,58.53,34.17,SR,1
Beilschmiedia pendula,(Sw.) Hemsl.,Dicot,perennial,tree,49.8,50.2,0,CS,7
Bellardiochloa variegata,(Lam.) Kerguélen,Monocot,perennial,graminoid,11.32,70.85,17.83,S/SR,1
Aster bellidiastrum,Scop.,Dicot,perennial,forb,34.37,0,65.63,R/CR,1
Bellis perennis,L.,Dicot,perennial,forb,21.13,0,78.87,R/CR,1
Berberis vulgaris,L.,Dicot,perennial,tree,18.03,70.68,11.29,S/CS,1
Berchemia scandens,(Hill) K.Koch,Dicot,perennial,liana,11.09,80.47,8.44,S,4
Berteroa incana,(L.) DC.,Dicot,biennial,forb,10.84,43.22,45.95,SR/CSR,1
Berula erecta,(Huds.) Coville,Dicot,perennial,aquatic,25.8,0,74.2,R/CR,1
Betonica macrantha,K.Koch,Dicot,perennial,forb,46.11,33.89,20,CS/CSR,1
Betula alleghaniensis,Britton,Dicot,perennial,tree,17.86,58.5,23.64,S/CSR,2
Betula pubescens  var. litwinowii,(Doluch.) Ashburner & McAll.,Dicot,perennial,tree,31.09,48.61,20.3,S/CSR,1
Betula nana,L.,Dicot,perennial,shrub,2.44,85.63,11.92,S,1
Betula pendula,Roth,Dicot,perennial,tree,17.04,73.18,9.78,S/CS,1
Betula populifolia,Aiton,Dicot,perennial,tree,15.93,68.27,15.8,S/CS,2
Bidens andicola,Kunth,Dicot,perennial,shrub,15.4,68.98,15.62,S/SR,7
Bidens cernua,L.,Dicot,annual,forb,25.93,27.44,46.62,R/CSR,1
Bidens connata,Muhl. ex Willd.,Dicot,annual,forb,26.71,0,73.29,R/CR,1
Bidens frondosa var. minor,Hook.,Dicot,annual,forb,45.53,5.62,48.86,CR,4
Bidens radiata,Thuill.,Dicot,annual,forb,62.88,0,37.12,C/CR,1
Bidens tripartita,L.,Dicot,annual,forb,43.99,0,56.01,CR,1
Bifora radians,M.Bieb.,Dicot,annual,forb,32.66,0,67.34,R/CR,1
Biscutella laevigata,L.,Dicot,perennial,forb,46.66,0,53.34,CR,1
Persicaria bistorta,Samp.,Dicot,perennial,forb,45.39,30.13,24.48,C/CSR,1
Persicaria vivipara,(L.) Ronse Decr.,Dicot,perennial,forb,15.97,60.73,23.3,S/CSR,1
Blackstonia perfoliata,(L.) Huds.,Dicot,annual,forb,6.27,34.85,58.88,SR,1
Blechnum spicant,(L.) Roth,Fern,perennial,forb,69.4,0,30.6,C/CR,1
Muhlenbergia tricholepis,(Torr.) P.M.Peterson,Monocot,perennial,graminoid,2.3,97.7,0,S,4
Blephilia ciliata,(L.) Raf. ex Benth.,Dicot,perennial,forb,8.38,74.42,17.2,S/SR,4
Blysmus compressus,(L.) Panz. ex Link,Monocot,perennial,graminoid,14.79,62.93,22.29,S/CSR,1
Blysmus rufus,Link,Monocot,perennial,graminoid,2.9,95.3,1.81,S,1
Borago officinalis,L.,Dicot,annual,forb,57.74,0,42.26,CR,1
Alibertia dwyeri,Delprete & C.H.Perss.,Dicot,perennial,tree,54.44,38.28,7.27,CS,7
Bothriochloa insculpta,(Hochst. ex A.Rich.) A.Camus,Monocot,perennial,graminoid,10.9,47.74,41.36,SR/CSR,8
Botrychium lunaria,(L.) Sw.,Fern,perennial,forb,25.42,23.85,50.73,R/CSR,1
Bouteloua curtipendula,(Michx.) Torr. in Marcy,Monocot,perennial,graminoid,15.21,66.01,18.78,S/SR,4
Bouteloua gracilis,(Kunth) Lag. ex Griffiths,Monocot,annual,graminoid,4.74,73.1,22.16,S/SR,4
Chondrosum hirsutum,Sweet,Monocot,perennial,graminoid,12.73,70.54,16.73,S/SR,4
Chondrosum simplex,(Lag.) Kunth,Monocot,annual,graminoid,0,100,0,S,4
Bowdichia virgilioides,Kunth,Dicot,perennial,tree,21.71,73.78,4.51,S/CS,7
Brachypodium distachyon,(L.) P.Beauv.,Monocot,annual,graminoid,1.72,56.32,41.96,SR,1
Brachypodium phoenicoides,(L.) Roem. & Schult.,Monocot,perennial,graminoid,18.27,63.25,18.48,S/CSR,1
Brachypodium pinnatum,P.Beauv.,Monocot,perennial,graminoid,23.65,40.83,35.52,SR/CSR,1
Brachypodium sylvaticum,P.Beauv.,Monocot,perennial,graminoid,26.34,21.41,52.25,R/CSR,1
Brassica elongata,Ehrh.,Dicot,perennial,forb,31.58,33.97,34.45,CSR,1
Brassica napus,L.,Dicot,biennial,forb,57.99,0.26,41.75,CR,1
Brassica nigra,W.D.J.Koch,Dicot,annual,forb,64.44,0,35.56,C/CR,1
Brassica oleracea,L.,Dicot,perennial,forb,18.82,59.06,22.12,S/CSR,1
Brassica rapa,L.,Dicot,biennial,forb,57.48,0,42.52,CR,1
Briza marcowiczii,Woronow,Monocot,perennial,graminoid,10.81,45.66,43.52,SR,1
Briza media,L.,Monocot,perennial,graminoid,22.11,27.17,50.72,R/CSR,1
Bromus variegatus,M.Bieb.,Monocot,perennial,graminoid,19.9,60.4,19.69,S/CSR,1
Bromus arvensis,L.,Monocot,annual,graminoid,26.21,45.22,28.57,S/CSR,1
Bromus benekenii,(Lange) Trimen,Monocot,perennial,graminoid,9.34,59.37,31.29,S/SR,1
Bromus anomalus,Rupr. ex E.Fourn.,Monocot,perennial,graminoid,11.83,48.8,39.37,SR/CSR,2
Bromus commutatus,Schrad.,Monocot,perennial,graminoid,26.55,29.3,44.15,R/CSR,1
Bromus diandrus,Roth,Monocot,perennial,graminoid,22.73,38.9,38.37,SR/CSR,1
Bromus erectus,Huds.,Monocot,perennial,graminoid,11.81,64.39,23.8,S/SR,1
Bromus grossus,DC.,Monocot,annual,graminoid,12.89,43.46,43.64,SR/CSR,1
Bromus hordeaceus,L.,Monocot,annual,graminoid,17.4,47.03,35.57,SR/CSR,1
Bromus inermis,Leyss.,Monocot,perennial,graminoid,37.28,38.8,23.93,CS/CSR,1
Bromus japonicus,Thunb.,Monocot,annual,graminoid,13.35,54.84,31.81,S/CSR,1
Bromus kalmii,A.Gray,Monocot,perennial,graminoid,16.38,55.37,28.25,S/CSR,2
Bromus lanceolatus,Roth,Monocot,annual,graminoid,4.53,43.75,51.71,SR,1
Bromus madritensis,L.,Monocot,annual,graminoid,8.04,31.12,60.84,R/SR,1
Bromus racemosus,L.,Monocot,annual,graminoid,44.96,6.7,48.34,CR,1
Bromus ramosus,Huds.,Monocot,perennial,graminoid,36.64,29.96,33.39,CSR,1
Bromus secalinus,L.,Monocot,annual,graminoid,31.9,42.41,25.68,CSR,1
Bromus squarrosus var. cyri,(Trin.) Griseb.,Monocot,annual,graminoid,35.52,16.43,48.05,CR/CSR,1
Bromus sterilis,L.,Monocot,annual,graminoid,15.99,40.1,43.91,SR/CSR,1
Brosimum alicastrum,Sw.,Dicot,perennial,tree,36.03,55.5,8.47,CS,7
Brosimum guianense,Huber ex Ducke,Dicot,perennial,tree,36.65,49.01,14.33,CS/CSR,7
Brosimum utile,(Kunth) Oken,Dicot,perennial,tree,49.33,50.51,0.16,CS,7
Broussonetia papyrifera,(L.) Vent.,Dicot,perennial,tree,59.08,22.41,18.51,C/CSR,1
Bryonia alba,L.,Dicot,perennial,herbaceous vine,55.93,1.28,42.78,CR,1
Terminalia tetraphylla,(Aubl.) Gere & Boatwr.,Dicot,perennial,tree,22.12,66.06,11.82,S/CS,7
Buchnera americana,L.,Dicot,perennial,forb,6.33,79.39,14.28,S/SR,4
Buddleja davidii,Franch.,Dicot,perennial,tree,48.26,44.55,7.19,CS,1
Buglossoides arvensis,(L.) I.M.Johnst.,Dicot,annual,forb,31.68,0,68.32,R/CR,1
Aegonychon purpurocaeruleum,(L.) Holub,Dicot,perennial,forb,26.86,17.58,55.56,R/CSR,1
Bulbostylis eleocharoides,Kral & M.T.Strong,Monocot,perennial,graminoid,13.79,86.21,0,S,7
Bulbostylis emmerichiae,T.Koyama,Monocot,perennial,graminoid,6.3,93.7,0,S,7
Bulbostylis lombardii,Kral & M.T.Strong,Monocot,perennial,graminoid,1.1,98.9,0,S,7
Bulbostylis paradoxa,(Spreng.) Lindm.,Monocot,perennial,graminoid,1.78,98.22,0,S,7
Bunias orientalis,L.,Dicot,perennial,forb,65.13,0,34.87,C/CR,1
Bunium bulbocastanum,L.,Dicot,perennial,forb,45.74,0,54.26,CR,1
Buphthalmum salicifolium,L.,Dicot,perennial,forb,24.35,16.62,59.03,R/CSR,1
Bupleurum ranunculoides,L.,Dicot,perennial,forb,19.34,79.68,0.98,S/CS,1
Bupleurum rotundifolium,L.,Dicot,annual,forb,34.31,33.03,32.66,CSR,1
Bupleurum stellatum,L.,Dicot,perennial,forb,12.32,60.5,27.18,S/CSR,1
Bupleurum tenuissimum,L.,Dicot,annual,forb,5.66,14.68,79.66,R/SR,1
Buxus sempervirens,L.,Dicot,perennial,tree,10.87,89.13,0,S,1
Byrsonima dealbata,Griseb.,Dicot,perennial,shrub,35.89,64.11,0,S/CS,7
Byrsonima sericea var. typica,Nied.,Dicot,perennial,tree,35.65,62.79,1.56,S/CS,7
Byrsonima verbascifolia,Rich. ex Juss.,Dicot,perennial,tree,43.61,56.39,0,CS,7
Arnoglossum plantagineum,Raf.,Dicot,perennial,forb,28.97,71.03,0,S/CS,4
Paubrasilia echinata,"(Lam.) Gagnon, H.C.Lima & G.P.Lewis",Dicot,perennial,tree,14.44,67.59,17.97,S/SR,7
Calamagrostis arundinacea,(L.) Roth,Monocot,perennial,graminoid,25.04,55.47,19.49,S/CSR,1
Calamagrostis canescens,(Weber) Roth,Monocot,perennial,graminoid,23.54,40.87,35.59,SR/CSR,1
Calamagrostis purpurea,Trin.,Monocot,perennial,graminoid,26.34,43.76,29.9,CSR,1
Calamagrostis varia,Host,Monocot,perennial,graminoid,25.52,42.3,32.18,CSR,1
Calamagrostis villosa,J.F.Gmel.,Monocot,perennial,graminoid,19.38,42.27,38.35,SR/CSR,1
Clinopodium nepeta,(L.) Kuntze,Dicot,perennial,shrub,11.36,82.25,6.39,S,1
Calea coronopifolia,Sch.Bip. ex Krasch.,Dicot,perennial,forb,8.26,91.74,0,S,7
Calendula arvensis,M.Bieb.,Dicot,annual,forb,36.15,0,63.85,R/CR,1
Calepina irregularis,Thell.,Dicot,biennial,forb,35.91,0,64.09,R/CR,1
Calicotome spinosa,(L.) Link,Dicot,perennial,tree,9.37,70.38,20.24,S/SR,1
Calla palustris,L.,Monocot,perennial,forb,64.76,0,35.24,C/CR,1
Adinobotrys atropurpureus,(Wall.) Dunn,Dicot,perennial,tree,52.83,47.17,0,CS,9
Calliandra linearis,Benth.,Dicot,perennial,shrub,31.47,68.53,0,S/CS,7
Calliandra parvifolia,(Hook. & Arn.) Speg.,Dicot,perennial,shrub,7.38,60.77,31.86,S/SR,7
Callichlamys latifolia,(Rich.) K.Schum.,Dicot,perennial,liana,63.63,20.66,15.71,C/CSR,7
Callitriche hamulata,Kütz. ex W.D.J.Koch,Dicot,perennial,aquatic,0.97,25.52,73.51,R/SR,1
Callitriche palustris,L.,Dicot,perennial,aquatic,2.64,0,97.36,R,1
Callitriche platycarpa,Kütz.,Dicot,perennial,aquatic,0.14,0,99.86,R,1
Callitriche stagnalis,Scop.,Dicot,perennial,aquatic,0,0,100,R,1
Calluna vulgaris,(L.) Hill,Dicot,perennial,shrub,0,91.99,8.01,S,1
Calophyllum brasiliense,Cambess.,Dicot,perennial,tree,55.27,32.3,12.43,C/CSR,7
Calophyllum longifolium,Willd.,Dicot,perennial,tree,57.45,42.55,0,CS,7
Caltha palustris,L.,Dicot,perennial,forb,59.13,0,40.87,CR,1
Calystegia sepium,(L.) R.Br.,Dicot,perennial,herbaceous vine,44.85,8.12,47.03,CR,1
Calystegia silvatica,Griseb.,Dicot,perennial,forb,45.11,0,54.89,CR,1
Calystegia soldanella,(L.) R.Br.,Dicot,perennial,forb,49.41,0,50.59,CR,1
Camelina microcarpa,Andrz. ex DC.,Dicot,biennial,forb,34.92,0,65.08,R/CR,1
Campanula barbata,L.,Dicot,perennial,forb,18.44,28.91,52.65,R/CSR,1
Campanula cenisia,L.,Dicot,perennial,forb,3.7,49.71,46.59,SR,1
Campanula cervicaria,L.,Dicot,perennial,forb,21.38,39.75,38.87,SR/CSR,1
Campanula cochleariifolia,Lam.,Dicot,perennial,forb,3.63,29.68,66.69,R/SR,1
Campanula collina,Sims,Dicot,perennial,forb,30.82,35.86,33.32,CSR,1
Campanula excisa,Schleich. ex Murith,Dicot,perennial,forb,0,3.79,96.21,R,1
Campanula glomerata,L.,Dicot,perennial,forb,54.37,12.43,33.2,C/CSR,1
Campanula latifolia,L.,Dicot,perennial,forb,44.82,0,55.18,CR,1
Campanula persicifolia,L.,Dicot,perennial,forb,20.78,36.78,42.44,SR/CSR,1
Campanula rainerii,Perp.,Dicot,perennial,forb,22.53,0,77.47,R/CR,1
Campanula rapunculoides,L.,Dicot,perennial,forb,35.03,0,64.97,R/CR,1
Campanula rapunculus,L.,Dicot,perennial,forb,28.99,0,71.01,R/CR,1
Campanula rotundifolia,L.,Dicot,perennial,forb,7.37,23.6,69.03,R/SR,1
Campanula scheuchzeri,Vill.,Dicot,perennial,forb,3.13,52.28,44.59,SR,1
Campanula sibirica,L.,Dicot,biennial,forb,18.96,48.57,32.47,SR/CSR,1
Campanula spicata,L.,Dicot,perennial,forb,56.78,0,43.22,CR,1
Campanula trachelium,L.,Dicot,perennial,forb,44.07,0,55.93,CR,1
Campanula tridentata,Schreb.,Dicot,perennial,forb,12.28,60.3,27.42,S/CSR,1
Canarium littorale,Blume,Dicot,perennial,tree,56.91,43.09,0,CS,9
Canarium littorale,Blume,Dicot,perennial,tree,44.12,55.88,0,CS,9
Cannabis sativa,L.,Dicot,annual,forb,45.27,22.71,32.02,CR/CSR,9
Morisonia frondosa,(Jacq.) Christenh. & Byng,Dicot,perennial,tree,46.26,47.72,6.01,CS,7
Capsella bursa-pastoris,Medik.,Dicot,annual,forb,41.05,0,58.95,CR,1
Capsella grandiflora,Boiss.,Dicot,perennial,forb,23.98,0,76.02,R/CR,1
Capsella rubella,Reut.,Dicot,annual,forb,38.46,0,61.54,CR,1
Caragana arborescens,Lam.,Dicot,perennial,tree,19.66,52.59,27.74,S/CSR,1
Caraipa densifolia,Mart.,Dicot,perennial,tree,37.65,50.56,11.79,CS/CSR,7
Carapa guianensis,Aubl.,Dicot,perennial,tree,67.85,32.15,0,C/CS,7
Cardamine bellidifolia,L.,Dicot,perennial,forb,4.64,0,95.36,R,1
Cardamine bulbifera,Crantz,Dicot,perennial,forb,23.85,0,76.15,R/CR,1
Cardamine heptaphylla,(Vill.) O.E.Schulz,Dicot,perennial,forb,53.72,0,46.28,CR,1
Cardamine flexuosa,With.,Dicot,annual,forb,7.1,26.21,66.69,R/SR,1
Cardamine parviflora,L.,Dicot,annual,forb,7.09,0.16,92.75,R,1
Cardamine pratensis,L.,Dicot,perennial,forb,36.97,10.88,52.15,CR/CSR,1
Cardamine resedifolia,L.,Dicot,annual,forb,3.96,62.41,33.62,S/SR,1
Arabidopsis arenosa,(L.) Lawalrée,Dicot,perennial,forb,9.81,24.95,65.24,R/SR,1
Arabidopsis halleri,(L.) O'Kane & Al-Shehbaz,Dicot,perennial,forb,14.4,14.79,70.81,R/SR,1
Arabidopsis lyrata  subsp. petraea,(L.) O'Kane & Al-Shehbaz,Dicot,perennial,forb,3.88,0,96.12,R,1
Lepidium draba,L.,Dicot,perennial,forb,57.11,0,42.89,CR,1
Carduus acanthoides,L.,Dicot,biennial,forb,65.7,0,34.3,C/CR,1
Carduus defloratus,L.,Dicot,perennial,forb,75.03,0,24.97,C/CR,1
Carex nigra,(L.) Reichard,Monocot,perennial,graminoid,36.43,51.16,12.41,CS/CSR,1
Carex acutiformis,Ehrh.,Monocot,perennial,graminoid,51.92,25.8,22.27,C/CSR,1
Carex alba,Scop.,Monocot,perennial,graminoid,5.55,57.89,36.56,SR,1
Carex appropinquata,Schumach.,Monocot,perennial,graminoid,22.32,52.45,25.24,S/CSR,1
